26
5483 20
61410 471 64670 43895 71115 56583 90682 54838 19870 6052 58692 79057 27152 72869 3007 70522 48618 85428 31651 53064
9286 19
26395 50225 86477 26962 87900 66849 44411 43336 11219 12145 5441 4490 4073 27276 33249 91755 61292 78822 99937
2376 19
20487 88182 5633 12138 54962 15707 24430 91467 75624 98333 10170 52992 49492 42899 37443 93898 23742 77479 1632
1470 16
23366 80351 14903 65082 11762 88669 95132 40701 76277 12250 50506 58597 42391 55394 25241 91232
1403 12
60650 68456 10231 55951 80403 59518 74162 58077 42019 94238 40767 8000
5222 19
80462 54397 41400 10641 87267 98254 17264 59049 68892 83599 59752 26173 9465 97060 76267 93170 4876 48701 24693
3216 11
81216 74598 74588 70762 20333 21563 14944 79179 9436 72361 66583
5183 16
77213 16578 45499 15272 12674 87588 30363 40603 98307 96415 67503 34946 4666 58191 1046 15475
1549 11
52239 47431 78457 39536 92602 36648 5245 52007 61854 98461 25013
6937 20
47247 36164 80846 97743 63659 60107 85692 33859 15426 26012 90470 96138 2814 64550 20272 89923 62652 62072 44769 6552
2898 13
4151 27128 3733 18833 39434 26924 15175 31889 73496 8979 69486 40590 96321
3324 13
56075 98469 49851 27589 65658 16067 6316 77126 63905 63487 80630 23321 29258
6559 15
99683 85010 20328 59253 77860 69005 79197 63406 54466 79134 16951 42056 32993 43420 60536
4032 16
62227 59059 75291 92981 68112 51048 35908 32155 40324 14852 66853 7520 96724 52001 20194 42375
7571 18
47873 32320 86307 14748 78861 84042 77627 25497 14527 46106 50211 20278 38860 94825 35514 92146 98311 81760
3568 16
57089 38570 66803 1417 31134 3120 9324 37582 34112 5430 88971 38169 20511 15600 40438 99956
4724 10
84899 70830 45997 30970 89948 93002 88888 61668 27207 10120
4963 18
99629 28048 34875 28802 47826 32355 62023 21883 61153 13355 21360 67334 36289 99191 39937 44372 31380 42460
3340 18
89643 82696 96673 54815 23964 77225 8177 76201 37866 7453 31484 66710 34884 64382 45755 46621 33191 1489
8633 18
67844 8506 71976 44818 9625 24125 39974 98111 66129 65450 45900 6963 24477 46064 53911 46131 38962 31777
1459 10
935 22510 51146 70489 37665 27701 43644 31858 1646 78474
6934 13
48481 98240 74367 16373 61838 32950 31381 71508 86885 53983 24894 8692 37761
3883 15
81808 44369 73083 97903 33589 48709 52270 51928 42944 24416 73176 45299 99574 60726 22713
4297 19
41818 40293 7838 40342 71757 77693 28652 25838 75660 8519 10514 85081 19612 81533 55765 596 50128 35826 5924
2074 17
34582 26233 72944 59350 9542 93740 97607 11830 69436 99422 44979 65019 98036 22159 96591 9539 51412
8404 10
13529 44882 38866 96954 82120 37115 91728 36801 13368 58196